1 1  3.607824905345921e-04
1 4  2.834719568486093e-04
4 1  2.834719568486093e-04
1 7  2.834719568486087e-04
7 1  2.834719568486087e-04
1 10  2.577017789532809e-04
10 1  2.577017789532809e-04
1 139  2.834719568486091e-04
139 1  2.834719568486091e-04
1 142  2.577017789532814e-04
142 1  2.577017789532814e-04
1 145  2.577017789532808e-04
145 1  2.577017789532808e-04
1 148  2.190465121102892e-04
148 1  2.190465121102892e-04
1 277 -3.350123126392647e-04
277 1 -3.350123126392647e-04
1 280 -2.319316010579534e-04
280 1 -2.319316010579534e-04
1 283 -2.319316010579533e-04
283 1 -2.319316010579533e-04
1 286 -3.350123126392659e-04
286 1 -3.350123126392659e-04
1 289 -4.123228463252505e-04
289 1 -4.123228463252505e-04
1 292 -3.350123126392649e-04
292 1 -3.350123126392649e-04
1 295 -3.350123126392646e-04
295 1 -3.350123126392646e-04
1 298 -4.123228463252481e-04
298 1 -4.123228463252481e-04
1 301 -3.350123126392655e-04
301 1 -3.350123126392655e-04
1 304 -4.123228463252496e-04
304 1 -4.123228463252496e-04
1 307 -2.319316010579532e-04
307 1 -2.319316010579532e-04
1 310 -3.350123126392642e-04
310 1 -3.350123126392642e-04
2 2  3.607824905345921e-04
2 5  2.834719568486093e-04
5 2  2.834719568486093e-04
2 8  2.834719568486087e-04
8 2  2.834719568486087e-04
2 11  2.577017789532809e-04
11 2  2.577017789532809e-04
2 140  2.834719568486091e-04
140 2  2.834719568486091e-04
2 143  2.577017789532814e-04
143 2  2.577017789532814e-04
2 146  2.577017789532808e-04
146 2  2.577017789532808e-04
2 149  2.190465121102892e-04
149 2  2.190465121102892e-04
2 278 -3.350123126392647e-04
278 2 -3.350123126392647e-04
2 281 -2.319316010579534e-04
281 2 -2.319316010579534e-04
2 284 -2.319316010579533e-04
284 2 -2.319316010579533e-04
2 287 -3.350123126392659e-04
287 2 -3.350123126392659e-04
2 290 -4.123228463252505e-04
290 2 -4.123228463252505e-04
2 293 -3.350123126392649e-04
293 2 -3.350123126392649e-04
2 296 -3.350123126392646e-04
296 2 -3.350123126392646e-04
2 299 -4.123228463252481e-04
299 2 -4.123228463252481e-04
2 302 -3.350123126392655e-04
302 2 -3.350123126392655e-04
2 305 -4.123228463252496e-04
305 2 -4.123228463252496e-04
2 308 -2.319316010579532e-04
308 2 -2.319316010579532e-04
2 311 -3.350123126392642e-04
311 2 -3.350123126392642e-04
3 3  3.607824905345921e-04
3 6  2.834719568486093e-04
6 3  2.834719568486093e-04
3 9  2.834719568486087e-04
9 3  2.834719568486087e-04
3 12  2.577017789532809e-04
12 3  2.577017789532809e-04
3 141  2.834719568486091e-04
141 3  2.834719568486091e-04
3 144  2.577017789532814e-04
144 3  2.577017789532814e-04
3 147  2.577017789532808e-04
147 3  2.577017789532808e-04
3 150  2.190465121102892e-04
150 3  2.190465121102892e-04
3 279 -3.350123126392647e-04
279 3 -3.350123126392647e-04
3 282 -2.319316010579534e-04
282 3 -2.319316010579534e-04
3 285 -2.319316010579533e-04
285 3 -2.319316010579533e-04
3 288 -3.350123126392659e-04
288 3 -3.350123126392659e-04
3 291 -4.123228463252505e-04
291 3 -4.123228463252505e-04
3 294 -3.350123126392649e-04
294 3 -3.350123126392649e-04
3 297 -3.350123126392646e-04
297 3 -3.350123126392646e-04
3 300 -4.123228463252481e-04
300 3 -4.123228463252481e-04
3 303 -3.350123126392655e-04
303 3 -3.350123126392655e-04
3 306 -4.123228463252496e-04
306 3 -4.123228463252496e-04
3 309 -2.319316010579532e-04
309 3 -2.319316010579532e-04
3 312 -3.350123126392642e-04
312 3 -3.350123126392642e-04
4 4  3.607824905345920e-04
4 7  2.577017789532812e-04
7 4  2.577017789532812e-04
4 10  2.834719568486090e-04
10 4  2.834719568486090e-04
4 139  2.577017789532816e-04
139 4  2.577017789532816e-04
4 142  2.834719568486091e-04
142 4  2.834719568486091e-04
4 145  2.190465121102893e-04
145 4  2.190465121102893e-04
4 148  2.577017789532810e-04
148 4  2.577017789532810e-04
4 277 -2.319316010579534e-04
277 4 -2.319316010579534e-04
4 280 -2.319316010579534e-04
280 4 -2.319316010579534e-04
4 283 -3.350123126392647e-04
283 4 -3.350123126392647e-04
4 286 -3.350123126392659e-04
286 4 -3.350123126392659e-04
4 289 -4.123228463252508e-04
289 4 -4.123228463252508e-04
4 292 -4.123228463252486e-04
292 4 -4.123228463252486e-04
4 295 -3.350123126392646e-04
295 4 -3.350123126392646e-04
4 298 -3.350123126392652e-04
298 4 -3.350123126392652e-04
4 301 -4.123228463252487e-04
301 4 -4.123228463252487e-04
4 304 -3.350123126392663e-04
304 4 -3.350123126392663e-04
4 307 -3.350123126392642e-04
307 4 -3.350123126392642e-04
4 310 -2.319316010579532e-04
310 4 -2.319316010579532e-04
5 5  3.607824905345920e-04
5 8  2.577017789532812e-04
8 5  2.577017789532812e-04
5 11  2.834719568486090e-04
11 5  2.834719568486090e-04
5 140  2.577017789532816e-04
140 5  2.577017789532816e-04
5 143  2.834719568486091e-04
143 5  2.834719568486091e-04
5 146  2.190465121102893e-04
146 5  2.190465121102893e-04
5 149  2.577017789532810e-04
149 5  2.577017789532810e-04
5 278 -2.319316010579534e-04
278 5 -2.319316010579534e-04
5 281 -2.319316010579534e-04
281 5 -2.319316010579534e-04
5 284 -3.350123126392647e-04
284 5 -3.350123126392647e-04
5 287 -3.350123126392659e-04
287 5 -3.350123126392659e-04
5 290 -4.123228463252508e-04
290 5 -4.123228463252508e-04
5 293 -4.123228463252486e-04
293 5 -4.123228463252486e-04
5 296 -3.350123126392646e-04
296 5 -3.350123126392646e-04
5 299 -3.350123126392652e-04
299 5 -3.350123126392652e-04
5 302 -4.123228463252487e-04
302 5 -4.123228463252487e-04
5 305 -3.350123126392663e-04
305 5 -3.350123126392663e-04
5 308 -3.350123126392642e-04
308 5 -3.350123126392642e-04
5 311 -2.319316010579532e-04
311 5 -2.319316010579532e-04
6 6  3.607824905345920e-04
6 9  2.577017789532812e-04
9 6  2.577017789532812e-04
6 12  2.834719568486090e-04
12 6  2.834719568486090e-04
6 141  2.577017789532816e-04
141 6  2.577017789532816e-04
6 144  2.834719568486091e-04
144 6  2.834719568486091e-04
6 147  2.190465121102893e-04
147 6  2.190465121102893e-04
6 150  2.577017789532810e-04
150 6  2.577017789532810e-04
6 279 -2.319316010579534e-04
279 6 -2.319316010579534e-04
6 282 -2.319316010579534e-04
282 6 -2.319316010579534e-04
6 285 -3.350123126392647e-04
285 6 -3.350123126392647e-04
6 288 -3.350123126392659e-04
288 6 -3.350123126392659e-04
6 291 -4.123228463252508e-04
291 6 -4.123228463252508e-04
6 294 -4.123228463252486e-04
294 6 -4.123228463252486e-04
6 297 -3.350123126392646e-04
297 6 -3.350123126392646e-04
6 300 -3.350123126392652e-04
300 6 -3.350123126392652e-04
6 303 -4.123228463252487e-04
303 6 -4.123228463252487e-04
6 306 -3.350123126392663e-04
306 6 -3.350123126392663e-04
6 309 -3.350123126392642e-04
309 6 -3.350123126392642e-04
6 312 -2.319316010579532e-04
312 6 -2.319316010579532e-04
7 7  7.215660277358798e-04
7 10  5.669446986972405e-04
10 7  5.669446986972405e-04
7 13  2.834725325152923e-04
13 7  2.834725325152923e-04
7 16  2.577023022866296e-04
16 7  2.577023022866296e-04
7 139  2.577017789532810e-04
139 7  2.577017789532810e-04
7 142  2.190465121102893e-04
142 7  2.190465121102893e-04
7 145  5.669446986972403e-04
145 7  5.669446986972403e-04
7 148  5.154043429065845e-04
148 7  5.154043429065845e-04
7 151  2.577023022866297e-04
151 7  2.577023022866297e-04
7 154  2.190469569436355e-04
154 7  2.190469569436355e-04
7 277 -3.350123126392646e-04
277 7 -3.350123126392646e-04
7 280 -6.700258289452314e-04
280 7 -6.700258289452314e-04
7 283 -2.319316010579532e-04
283 7 -2.319316010579532e-04
7 286 -2.319316010579536e-04
286 7 -2.319316010579536e-04
7 289 -3.350123126392659e-04
289 7 -3.350123126392659e-04
7 292 -3.350123126392647e-04
292 7 -3.350123126392647e-04
7 295 -8.246470533172035e-04
295 7 -8.246470533172035e-04
7 298 -4.123228463252487e-04
298 7 -4.123228463252487e-04
7 301 -2.319316010579535e-04
301 7 -2.319316010579535e-04
7 304 -3.350123126392654e-04
304 7 -3.350123126392654e-04
7 307 -6.700258289452309e-04
307 7 -6.700258289452309e-04
7 310 -8.246470533172032e-04
310 7 -8.246470533172032e-04
7 313 -3.350130976392880e-04
313 7 -3.350130976392880e-04
7 316 -2.319319673912974e-04
316 7 -2.319319673912974e-04
7 319 -2.319321767246368e-04
319 7 -2.319321767246368e-04
7 322 -3.350130976392878e-04
322 7 -3.350130976392878e-04
7 325 -3.350127836392784e-04
325 7 -3.350127836392784e-04
7 328 -4.123236836586066e-04
328 7 -4.123236836586066e-04
7 331 -2.319319673912973e-04
331 7 -2.319319673912973e-04
7 334 -3.350127836392785e-04
334 7 -3.350127836392785e-04
8 8  7.215660277358798e-04
8 11  5.669446986972405e-04
11 8  5.669446986972405e-04
8 14  2.834725325152923e-04
14 8  2.834725325152923e-04
8 17  2.577023022866296e-04
17 8  2.577023022866296e-04
8 140  2.577017789532810e-04
140 8  2.577017789532810e-04
8 143  2.190465121102893e-04
143 8  2.190465121102893e-04
8 146  5.669446986972403e-04
146 8  5.669446986972403e-04
8 149  5.154043429065845e-04
149 8  5.154043429065845e-04
8 152  2.577023022866297e-04
152 8  2.577023022866297e-04
8 155  2.190469569436355e-04
155 8  2.190469569436355e-04
8 278 -3.350123126392646e-04
278 8 -3.350123126392646e-04
8 281 -6.700258289452314e-04
281 8 -6.700258289452314e-04
8 284 -2.319316010579532e-04
284 8 -2.319316010579532e-04
8 287 -2.319316010579536e-04
287 8 -2.319316010579536e-04
8 290 -3.350123126392659e-04
290 8 -3.350123126392659e-04
8 293 -3.350123126392647e-04
293 8 -3.350123126392647e-04
8 296 -8.246470533172035e-04
296 8 -8.246470533172035e-04
8 299 -4.123228463252487e-04
299 8 -4.123228463252487e-04
8 302 -2.319316010579535e-04
302 8 -2.319316010579535e-04
8 305 -3.350123126392654e-04
305 8 -3.350123126392654e-04
8 308 -6.700258289452309e-04
308 8 -6.700258289452309e-04
8 311 -8.246470533172032e-04
311 8 -8.246470533172032e-04
8 314 -3.350130976392880e-04
314 8 -3.350130976392880e-04
8 317 -2.319319673912974e-04
317 8 -2.319319673912974e-04
8 320 -2.319321767246368e-04
320 8 -2.319321767246368e-04
8 323 -3.350130976392878e-04
323 8 -3.350130976392878e-04
8 326 -3.350127836392784e-04
326 8 -3.350127836392784e-04
8 329 -4.123236836586066e-04
329 8 -4.123236836586066e-04
8 332 -2.319319673912973e-04
332 8 -2.319319673912973e-04
8 335 -3.350127836392785e-04
335 8 -3.350127836392785e-04
9 9  7.215660277358798e-04
9 12  5.669446986972405e-04
12 9  5.669446986972405e-04
9 15  2.834725325152923e-04
15 9  2.834725325152923e-04
9 18  2.577023022866296e-04
18 9  2.577023022866296e-04
9 141  2.577017789532810e-04
141 9  2.577017789532810e-04
9 144  2.190465121102893e-04
144 9  2.190465121102893e-04
9 147  5.669446986972403e-04
147 9  5.669446986972403e-04
9 150  5.154043429065845e-04
150 9  5.154043429065845e-04
9 153  2.577023022866297e-04
153 9  2.577023022866297e-04
9 156  2.190469569436355e-04
156 9  2.190469569436355e-04
9 279 -3.350123126392646e-04
279 9 -3.350123126392646e-04
9 282 -6.700258289452314e-04
282 9 -6.700258289452314e-04
9 285 -2.319316010579532e-04
285 9 -2.319316010579532e-04
9 288 -2.319316010579536e-04
288 9 -2.319316010579536e-04
9 291 -3.350123126392659e-04
291 9 -3.350123126392659e-04
9 294 -3.350123126392647e-04
294 9 -3.350123126392647e-04
9 297 -8.246470533172035e-04
297 9 -8.246470533172035e-04
9 300 -4.123228463252487e-04
300 9 -4.123228463252487e-04
9 303 -2.319316010579535e-04
303 9 -2.319316010579535e-04
9 306 -3.350123126392654e-04
306 9 -3.350123126392654e-04
9 309 -6.700258289452309e-04
309 9 -6.700258289452309e-04
9 312 -8.246470533172032e-04
312 9 -8.246470533172032e-04
9 315 -3.350130976392880e-04
315 9 -3.350130976392880e-04
9 318 -2.319319673912974e-04
318 9 -2.319319673912974e-04
9 321 -2.319321767246368e-04
321 9 -2.319321767246368e-04
9 324 -3.350130976392878e-04
324 9 -3.350130976392878e-04
9 327 -3.350127836392784e-04
327 9 -3.350127836392784e-04
9 330 -4.123236836586066e-04
330 9 -4.123236836586066e-04
9 333 -2.319319673912973e-04
333 9 -2.319319673912973e-04
9 336 -3.350127836392785e-04
336 9 -3.350127836392785e-04
10 10  7.215660277358797e-04
10 13  2.577023022866295e-04
13 10  2.577023022866295e-04
10 16  2.834725325152924e-04
16 10  2.834725325152924e-04
10 139  2.190465121102893e-04
139 10  2.190465121102893e-04
10 142  2.577017789532810e-04
142 10  2.577017789532810e-04
10 145  5.154043429065845e-04
145 10  5.154043429065845e-04
10 148  5.669446986972405e-04
148 10  5.669446986972405e-04
10 151  2.190469569436356e-04
151 10  2.190469569436356e-04
10 154  2.577023022866296e-04
154 10  2.577023022866296e-04
10 277 -2.319316010579533e-04
277 10 -2.319316010579533e-04
10 280 -6.700258289452313e-04
280 10 -6.700258289452313e-04
10 283 -3.350123126392646e-04
283 10 -3.350123126392646e-04
10 286 -2.319316010579535e-04
286 10 -2.319316010579535e-04
10 289 -3.350123126392656e-04
289 10 -3.350123126392656e-04
10 292 -4.123228463252486e-04
292 10 -4.123228463252486e-04
10 295 -8.246470533172033e-04
295 10 -8.246470533172033e-04
10 298 -3.350123126392646e-04
298 10 -3.350123126392646e-04
10 301 -3.350123126392646e-04
301 10 -3.350123126392646e-04
10 304 -2.319316010579535e-04
304 10 -2.319316010579535e-04
10 307 -8.246470533172027e-04
307 10 -8.246470533172027e-04
10 310 -6.700258289452309e-04
310 10 -6.700258289452309e-04
10 313 -2.319321767246368e-04
313 10 -2.319321767246368e-04
10 316 -2.319319673912975e-04
316 10 -2.319319673912975e-04
10 319 -3.350130976392880e-04
319 10 -3.350130976392880e-04
10 322 -4.123236836586065e-04
322 10 -4.123236836586065e-04
10 325 -3.350127836392783e-04
325 10 -3.350127836392783e-04
10 328 -3.350130976392879e-04
328 10 -3.350130976392879e-04
10 331 -3.350127836392786e-04
331 10 -3.350127836392786e-04
10 334 -2.319319673912974e-04
334 10 -2.319319673912974e-04
11 11  7.215660277358797e-04
11 14  2.577023022866295e-04
14 11  2.577023022866295e-04
11 17  2.834725325152924e-04
17 11  2.834725325152924e-04
11 140  2.190465121102893e-04
140 11  2.190465121102893e-04
11 143  2.577017789532810e-04
143 11  2.577017789532810e-04
11 146  5.154043429065845e-04
146 11  5.154043429065845e-04
11 149  5.669446986972405e-04
149 11  5.669446986972405e-04
11 152  2.190469569436356e-04
152 11  2.190469569436356e-04
11 155  2.577023022866296e-04
155 11  2.577023022866296e-04
11 278 -2.319316010579533e-04
278 11 -2.319316010579533e-04
11 281 -6.700258289452313e-04
281 11 -6.700258289452313e-04
11 284 -3.350123126392646e-04
284 11 -3.350123126392646e-04
11 287 -2.319316010579535e-04
287 11 -2.319316010579535e-04
11 290 -3.350123126392656e-04
290 11 -3.350123126392656e-04
11 293 -4.123228463252486e-04
293 11 -4.123228463252486e-04
11 296 -8.246470533172033e-04
296 11 -8.246470533172033e-04
11 299 -3.350123126392646e-04
299 11 -3.350123126392646e-04
11 302 -3.350123126392646e-04
302 11 -3.350123126392646e-04
11 305 -2.319316010579535e-04
305 11 -2.319316010579535e-04
11 308 -8.246470533172027e-04
308 11 -8.246470533172027e-04
11 311 -6.700258289452309e-04
311 11 -6.700258289452309e-04
11 314 -2.319321767246368e-04
314 11 -2.319321767246368e-04
11 317 -2.319319673912975e-04
317 11 -2.319319673912975e-04
11 320 -3.350130976392880e-04
320 11 -3.350130976392880e-04
11 323 -4.123236836586065e-04
323 11 -4.123236836586065e-04
11 326 -3.350127836392783e-04
326 11 -3.350127836392783e-04
11 329 -3.350130976392879e-04
329 11 -3.350130976392879e-04
11 332 -3.350127836392786e-04
332 11 -3.350127836392786e-04
11 335 -2.319319673912974e-04
335 11 -2.319319673912974e-04
12 12  7.215660277358797e-04
12 15  2.577023022866295e-04
15 12  2.577023022866295e-04
12 18  2.834725325152924e-04
18 12  2.834725325152924e-04
12 141  2.190465121102893e-04
141 12  2.190465121102893e-04
12 144  2.577017789532810e-04
144 12  2.577017789532810e-04
12 147  5.154043429065845e-04
147 12  5.154043429065845e-04
12 150  5.669446986972405e-04
150 12  5.669446986972405e-04
12 153  2.190469569436356e-04
153 12  2.190469569436356e-04
12 156  2.577023022866296e-04
156 12  2.577023022866296e-04
12 279 -2.319316010579533e-04
279 12 -2.319316010579533e-04
12 282 -6.700258289452313e-04
282 12 -6.700258289452313e-04
12 285 -3.350123126392646e-04
285 12 -3.350123126392646e-04
12 288 -2.319316010579535e-04
288 12 -2.319316010579535e-04
12 291 -3.350123126392656e-04
291 12 -3.350123126392656e-04
12 294 -4.123228463252486e-04
294 12 -4.123228463252486e-04
12 297 -8.246470533172033e-04
297 12 -8.246470533172033e-04
12 300 -3.350123126392646e-04
300 12 -3.350123126392646e-04
12 303 -3.350123126392646e-04
303 12 -3.350123126392646e-04
12 306 -2.319316010579535e-04
306 12 -2.319316010579535e-04
12 309 -8.246470533172027e-04
309 12 -8.246470533172027e-04
12 312 -6.700258289452309e-04
312 12 -6.700258289452309e-04
12 315 -2.319321767246368e-04
315 12 -2.319321767246368e-04
12 318 -2.319319673912975e-04
318 12 -2.319319673912975e-04
12 321 -3.350130976392880e-04
321 12 -3.350130976392880e-04
12 324 -4.123236836586065e-04
324 12 -4.123236836586065e-04
12 327 -3.350127836392783e-04
327 12 -3.350127836392783e-04
12 330 -3.350130976392879e-04
330 12 -3.350130976392879e-04
12 333 -3.350127836392786e-04
333 12 -3.350127836392786e-04
12 336 -2.319319673912974e-04
336 12 -2.319319673912974e-04
13 13  7.215654067136385e-04
13 16  5.669442861361163e-04
16 13  5.669442861361163e-04
13 19  2.834719664430530e-04
19 13  2.834719664430530e-04
13 22  2.577017876755029e-04
22 13  2.577017876755029e-04
13 145  2.577023022866296e-04
145 13  2.577023022866296e-04
13 148  2.190469569436356e-04
148 13  2.190469569436356e-04
13 151  5.669442861361163e-04
151 13  5.669442861361163e-04
13 154  5.154038239343463e-04
154 13  5.154038239343463e-04
13 157  2.577017876755028e-04
157 13  2.577017876755028e-04
13 160  2.190465195241776e-04
160 13  2.190465195241776e-04
13 280 -2.319321767246368e-04
280 13 -2.319321767246368e-04
13 295 -3.350132023059576e-04
295 13 -3.350132023059576e-04
13 307 -2.319321767246367e-04
307 13 -2.319321767246367e-04
13 310 -3.350132023059577e-04
310 13 -3.350132023059577e-04
13 313 -3.350128883059488e-04
313 13 -3.350128883059488e-04
13 316 -6.700247848951998e-04
316 13 -6.700247848951998e-04
13 319 -2.319319673912976e-04
319 13 -2.319319673912976e-04
13 322 -3.350128883059484e-04
322 13 -3.350128883059484e-04
13 325 -8.246460118838379e-04
325 13 -8.246460118838379e-04
13 328 -4.123236836586066e-04
328 13 -4.123236836586066e-04
13 331 -6.700247848951994e-04
331 13 -6.700247848951994e-04
13 334 -8.246460118838383e-04
334 13 -8.246460118838383e-04
13 337 -3.350123222337087e-04
337 13 -3.350123222337087e-04
13 340 -2.319316106523976e-04
340 13 -2.319316106523976e-04
13 343 -2.319316071635082e-04
343 13 -2.319316071635082e-04
13 346 -3.350123222337088e-04
346 13 -3.350123222337088e-04
13 349 -3.350123274670425e-04
349 13 -3.350123274670425e-04
13 352 -4.123228602808037e-04
352 13 -4.123228602808037e-04
13 355 -2.319316106523976e-04
355 13 -2.319316106523976e-04
13 358 -3.350123274670423e-04
358 13 -3.350123274670423e-04
14 14  7.215654067136385e-04
14 17  5.669442861361163e-04
17 14  5.669442861361163e-04
14 20  2.834719664430530e-04
20 14  2.834719664430530e-04
14 23  2.577017876755029e-04
23 14  2.577017876755029e-04
14 146  2.577023022866296e-04
146 14  2.577023022866296e-04
14 149  2.190469569436356e-04
149 14  2.190469569436356e-04
14 152  5.669442861361163e-04
152 14  5.669442861361163e-04
14 155  5.154038239343463e-04
155 14  5.154038239343463e-04
14 158  2.577017876755028e-04
158 14  2.577017876755028e-04
14 161  2.190465195241776e-04
161 14  2.190465195241776e-04
14 281 -2.319321767246368e-04
281 14 -2.319321767246368e-04
14 296 -3.350132023059576e-04
296 14 -3.350132023059576e-04
14 308 -2.319321767246367e-04
308 14 -2.319321767246367e-04
14 311 -3.350132023059577e-04
311 14 -3.350132023059577e-04
14 314 -3.350128883059488e-04
314 14 -3.350128883059488e-04
14 317 -6.700247848951998e-04
317 14 -6.700247848951998e-04
14 320 -2.319319673912976e-04
320 14 -2.319319673912976e-04
14 323 -3.350128883059484e-04
323 14 -3.350128883059484e-04
14 326 -8.246460118838379e-04
326 14 -8.246460118838379e-04
14 329 -4.123236836586066e-04
329 14 -4.123236836586066e-04
14 332 -6.700247848951994e-04
332 14 -6.700247848951994e-04
14 335 -8.246460118838383e-04
335 14 -8.246460118838383e-04
14 338 -3.350123222337087e-04
338 14 -3.350123222337087e-04
14 341 -2.319316106523976e-04
341 14 -2.319316106523976e-04
14 344 -2.319316071635082e-04
344 14 -2.319316071635082e-04
14 347 -3.350123222337088e-04
347 14 -3.350123222337088e-04
14 350 -3.350123274670425e-04
350 14 -3.350123274670425e-04
14 353 -4.123228602808037e-04
353 14 -4.123228602808037e-04
14 356 -2.319316106523976e-04
356 14 -2.319316106523976e-04
14 359 -3.350123274670423e-04
359 14 -3.350123274670423e-04
15 15  7.215654067136385e-04
15 18  5.669442861361163e-04
18 15  5.669442861361163e-04
15 21  2.834719664430530e-04
21 15  2.834719664430530e-04
15 24  2.577017876755029e-04
24 15  2.577017876755029e-04
15 147  2.577023022866296e-04
147 15  2.577023022866296e-04
15 150  2.190469569436356e-04
150 15  2.190469569436356e-04
15 153  5.669442861361163e-04
153 15  5.669442861361163e-04
15 156  5.154038239343463e-04
156 15  5.154038239343463e-04
15 159  2.577017876755028e-04
159 15  2.577017876755028e-04
15 162  2.190465195241776e-04
162 15  2.190465195241776e-04
15 282 -2.319321767246368e-04
282 15 -2.319321767246368e-04
15 297 -3.350132023059576e-04
297 15 -3.350132023059576e-04
15 309 -2.319321767246367e-04
309 15 -2.319321767246367e-04
15 312 -3.350132023059577e-04
312 15 -3.350132023059577e-04
15 315 -3.350128883059488e-04
315 15 -3.350128883059488e-04
15 318 -6.700247848951998e-04
318 15 -6.700247848951998e-04
15 321 -2.319319673912976e-04
321 15 -2.319319673912976e-04
15 324 -3.350128883059484e-04
324 15 -3.350128883059484e-04
15 327 -8.246460118838379e-04
327 15 -8.246460118838379e-04
15 330 -4.123236836586066e-04
330 15 -4.123236836586066e-04
15 333 -6.700247848951994e-04
333 15 -6.700247848951994e-04
15 336 -8.246460118838383e-04
336 15 -8.246460118838383e-04
15 339 -3.350123222337087e-04
339 15 -3.350123222337087e-04
15 342 -2.319316106523976e-04
342 15 -2.319316106523976e-04
15 345 -2.319316071635082e-04
345 15 -2.319316071635082e-04
15 348 -3.350123222337088e-04
348 15 -3.350123222337088e-04
15 351 -3.350123274670425e-04
351 15 -3.350123274670425e-04
15 354 -4.123228602808037e-04
354 15 -4.123228602808037e-04
15 357 -2.319316106523976e-04
357 15 -2.319316106523976e-04
15 360 -3.350123274670423e-04
360 15 -3.350123274670423e-04
16 16  7.215654067136386e-04
16 19  2.577017876755029e-04
19 16  2.577017876755029e-04
16 22  2.834719664430529e-04
22 16  2.834719664430529e-04
16 145  2.190469569436356e-04
145 16  2.190469569436356e-04
16 148  2.577023022866297e-04
148 16  2.577023022866297e-04
16 151  5.154038239343463e-04
151 16  5.154038239343463e-04
16 154  5.669442861361164e-04
154 16  5.669442861361164e-04
16 157  2.190465195241776e-04
157 16  2.190465195241776e-04
16 160  2.577017876755027e-04
160 16  2.577017876755027e-04
16 280 -2.319321767246367e-04
280 16 -2.319321767246367e-04
16 295 -3.350132023059575e-04
295 16 -3.350132023059575e-04
16 307 -3.350132023059574e-04
307 16 -3.350132023059574e-04
16 310 -2.319321767246367e-04
310 16 -2.319321767246367e-04
16 313 -2.319319673912975e-04
313 16 -2.319319673912975e-04
16 316 -6.700247848951998e-04
316 16 -6.700247848951998e-04
16 319 -3.350128883059489e-04
319 16 -3.350128883059489e-04
16 322 -4.123236836586068e-04
322 16 -4.123236836586068e-04
16 325 -8.246460118838382e-04
325 16 -8.246460118838382e-04
16 328 -3.350128883059485e-04
328 16 -3.350128883059485e-04
16 331 -8.246460118838385e-04
331 16 -8.246460118838385e-04
16 334 -6.700247848951993e-04
334 16 -6.700247848951993e-04
16 337 -2.319316071635082e-04
337 16 -2.319316071635082e-04
16 340 -2.319316106523976e-04
340 16 -2.319316106523976e-04
16 343 -3.350123222337086e-04
343 16 -3.350123222337086e-04
16 346 -4.123228602808036e-04
346 16 -4.123228602808036e-04
16 349 -3.350123274670425e-04
349 16 -3.350123274670425e-04
16 352 -3.350123222337087e-04
352 16 -3.350123222337087e-04
16 355 -3.350123274670425e-04
355 16 -3.350123274670425e-04
16 358 -2.319316106523976e-04
358 16 -2.319316106523976e-04
17 17  7.215654067136386e-04
17 20  2.577017876755029e-04
20 17  2.577017876755029e-04
17 23  2.834719664430529e-04
23 17  2.834719664430529e-04
17 146  2.190469569436356e-04
146 17  2.190469569436356e-04
17 149  2.577023022866297e-04
149 17  2.577023022866297e-04
17 152  5.154038239343463e-04
152 17  5.154038239343463e-04
17 155  5.669442861361164e-04
155 17  5.669442861361164e-04
17 158  2.190465195241776e-04
158 17  2.190465195241776e-04
17 161  2.577017876755027e-04
161 17  2.577017876755027e-04
17 281 -2.319321767246367e-04
281 17 -2.319321767246367e-04
17 296 -3.350132023059575e-04
296 17 -3.350132023059575e-04
17 308 -3.350132023059574e-04
308 17 -3.350132023059574e-04
17 311 -2.319321767246367e-04
311 17 -2.319321767246367e-04
17 314 -2.319319673912975e-04
314 17 -2.319319673912975e-04
17 317 -6.700247848951998e-04
317 17 -6.700247848951998e-04
17 320 -3.350128883059489e-04
320 17 -3.350128883059489e-04
17 323 -4.123236836586068e-04
323 17 -4.123236836586068e-04
17 326 -8.246460118838382e-04
326 17 -8.246460118838382e-04
17 329 -3.350128883059485e-04
329 17 -3.350128883059485e-04
17 332 -8.246460118838385e-04
332 17 -8.246460118838385e-04
17 335 -6.700247848951993e-04
335 17 -6.700247848951993e-04
17 338 -2.319316071635082e-04
338 17 -2.319316071635082e-04
17 341 -2.319316106523976e-04
341 17 -2.319316106523976e-04
17 344 -3.350123222337086e-04
344 17 -3.350123222337086e-04
17 347 -4.123228602808036e-04
347 17 -4.123228602808036e-04
17 350 -3.350123274670425e-04
350 17 -3.350123274670425e-04
17 353 -3.350123222337087e-04
353 17 -3.350123222337087e-04
17 356 -3.350123274670425e-04
356 17 -3.350123274670425e-04
17 359 -2.319316106523976e-04
359 17 -2.319316106523976e-04
18 18  7.215654067136386e-04
18 21  2.577017876755029e-04
21 18  2.577017876755029e-04
18 24  2.834719664430529e-04
24 18  2.834719664430529e-04
18 147  2.190469569436356e-04
147 18  2.190469569436356e-04
18 150  2.577023022866297e-04
150 18  2.577023022866297e-04
18 153  5.154038239343463e-04
153 18  5.154038239343463e-04
18 156  5.669442861361164e-04
156 18  5.669442861361164e-04
18 159  2.190465195241776e-04
159 18  2.190465195241776e-04
18 162  2.577017876755027e-04
162 18  2.577017876755027e-04
18 282 -2.319321767246367e-04
282 18 -2.319321767246367e-04
18 297 -3.350132023059575e-04
297 18 -3.350132023059575e-04
18 309 -3.350132023059574e-04
309 18 -3.350132023059574e-04
18 312 -2.319321767246367e-04
312 18 -2.319321767246367e-04
18 315 -2.319319673912975e-04
315 18 -2.319319673912975e-04
18 318 -6.700247848951998e-04
318 18 -6.700247848951998e-04
18 321 -3.350128883059489e-04
321 18 -3.350128883059489e-04
18 324 -4.123236836586068e-04
324 18 -4.123236836586068e-04
18 327 -8.246460118838382e-04
327 18 -8.246460118838382e-04
18 330 -3.350128883059485e-04
330 18 -3.350128883059485e-04
18 333 -8.246460118838385e-04
333 18 -8.246460118838385e-04
18 336 -6.700247848951993e-04
336 18 -6.700247848951993e-04
18 339 -2.319316071635082e-04
339 18 -2.319316071635082e-04
18 342 -2.319316106523976e-04
342 18 -2.319316106523976e-04
18 345 -3.350123222337086e-04
345 18 -3.350123222337086e-04
18 348 -4.123228602808036e-04
348 18 -4.123228602808036e-04
18 351 -3.350123274670425e-04
351 18 -3.350123274670425e-04
18 354 -3.350123222337087e-04
354 18 -3.350123222337087e-04
18 357 -3.350123274670425e-04
357 18 -3.350123274670425e-04
18 360 -2.319316106523976e-04
360 18 -2.319316106523976e-04
19 19  7.215649985136280e-04
19 22  5.669439267805517e-04
22 19  5.669439267805517e-04
19 25  2.834719568486082e-04
25 19  2.834719568486082e-04
19 28  2.577017789532804e-04
28 19  2.577017789532804e-04
19 151  2.577017876755028e-04
151 19  2.577017876755028e-04
19 154  2.190465195241777e-04
154 19  2.190465195241777e-04
19 157  5.669439267805517e-04
157 19  5.669439267805517e-04
19 160  5.154035709898960e-04
160 19  5.154035709898960e-04
19 163  2.577017789532805e-04
163 19  2.577017789532805e-04
19 166  2.190465121102887e-04
166 19  2.190465121102887e-04
19 316 -2.319316071635082e-04
316 19 -2.319316071635082e-04
19 325 -3.350123204892645e-04
325 19 -3.350123204892645e-04
19 331 -2.319316071635084e-04
331 19 -2.319316071635084e-04
19 334 -3.350123204892643e-04
334 19 -3.350123204892643e-04
19 337 -3.350123257225979e-04
337 19 -3.350123257225979e-04
19 340 -6.700246453396427e-04
340 19 -6.700246453396427e-04
19 343 -2.319316106523975e-04
343 19 -2.319316106523975e-04
19 346 -3.350123257225981e-04
346 19 -3.350123257225981e-04
19 349 -8.246457153282772e-04
349 19 -8.246457153282772e-04
19 352 -4.123228602808040e-04
352 19 -4.123228602808040e-04
19 355 -6.700246453396428e-04
355 19 -6.700246453396428e-04
19 358 -8.246457153282774e-04
358 19 -8.246457153282774e-04
19 361 -3.350123126392647e-04
361 19 -3.350123126392647e-04
19 364 -2.319316010579525e-04
364 19 -2.319316010579525e-04
19 367 -2.319316010579531e-04
367 19 -2.319316010579531e-04
19 370 -3.350123126392646e-04
370 19 -3.350123126392646e-04
19 373 -3.350123126392635e-04
373 19 -3.350123126392635e-04
19 376 -4.123228463252482e-04
376 19 -4.123228463252482e-04
19 379 -2.319316010579524e-04
379 19 -2.319316010579524e-04
19 382 -3.350123126392637e-04
382 19 -3.350123126392637e-04
20 20  7.215649985136280e-04
20 23  5.669439267805517e-04
23 20  5.669439267805517e-04
20 26  2.834719568486082e-04
26 20  2.834719568486082e-04
20 29  2.577017789532804e-04
29 20  2.577017789532804e-04
20 152  2.577017876755028e-04
152 20  2.577017876755028e-04
20 155  2.190465195241777e-04
155 20  2.190465195241777e-04
20 158  5.669439267805517e-04
158 20  5.669439267805517e-04
20 161  5.154035709898960e-04
161 20  5.154035709898960e-04
20 164  2.577017789532805e-04
164 20  2.577017789532805e-04
20 167  2.190465121102887e-04
167 20  2.190465121102887e-04
20 317 -2.319316071635082e-04
317 20 -2.319316071635082e-04
20 326 -3.350123204892645e-04
326 20 -3.350123204892645e-04
20 332 -2.319316071635084e-04
332 20 -2.319316071635084e-04
20 335 -3.350123204892643e-04
335 20 -3.350123204892643e-04
20 338 -3.350123257225979e-04
338 20 -3.350123257225979e-04
20 341 -6.700246453396427e-04
341 20 -6.700246453396427e-04
20 344 -2.319316106523975e-04
344 20 -2.319316106523975e-04
20 347 -3.350123257225981e-04
347 20 -3.350123257225981e-04
20 350 -8.246457153282772e-04
350 20 -8.246457153282772e-04
20 353 -4.123228602808040e-04
353 20 -4.123228602808040e-04
20 356 -6.700246453396428e-04
356 20 -6.700246453396428e-04
20 359 -8.246457153282774e-04
359 20 -8.246457153282774e-04
20 362 -3.350123126392647e-04
362 20 -3.350123126392647e-04
20 365 -2.319316010579525e-04
365 20 -2.319316010579525e-04
20 368 -2.319316010579531e-04
368 20 -2.319316010579531e-04
20 371 -3.350123126392646e-04
371 20 -3.350123126392646e-04
20 374 -3.350123126392635e-04
374 20 -3.350123126392635e-04
20 377 -4.123228463252482e-04
377 20 -4.123228463252482e-04
20 380 -2.319316010579524e-04
380 20 -2.319316010579524e-04
20 383 -3.350123126392637e-04
383 20 -3.350123126392637e-04
21 21  7.215649985136280e-04
21 24  5.669439267805517e-04
24 21  5.669439267805517e-04
21 27  2.834719568486082e-04
27 21  2.834719568486082e-04
21 30  2.577017789532804e-04
30 21  2.577017789532804e-04
21 153  2.577017876755028e-04
153 21  2.577017876755028e-04
21 156  2.190465195241777e-04
156 21  2.190465195241777e-04
21 159  5.669439267805517e-04
159 21  5.669439267805517e-04
21 162  5.154035709898960e-04
162 21  5.154035709898960e-04
21 165  2.577017789532805e-04
165 21  2.577017789532805e-04
21 168  2.190465121102887e-04
168 21  2.190465121102887e-04
21 318 -2.319316071635082e-04
318 21 -2.319316071635082e-04
21 327 -3.350123204892645e-04
327 21 -3.350123204892645e-04
21 333 -2.319316071635084e-04
333 21 -2.319316071635084e-04
21 336 -3.350123204892643e-04
336 21 -3.350123204892643e-04
21 339 -3.350123257225979e-04
339 21 -3.350123257225979e-04
21 342 -6.700246453396427e-04
342 21 -6.700246453396427e-04
21 345 -2.319316106523975e-04
345 21 -2.319316106523975e-04
21 348 -3.350123257225981e-04
348 21 -3.350123257225981e-04
21 351 -8.246457153282772e-04
351 21 -8.246457153282772e-04
21 354 -4.123228602808040e-04
354 21 -4.123228602808040e-04
21 357 -6.700246453396428e-04
357 21 -6.700246453396428e-04
21 360 -8.246457153282774e-04
360 21 -8.246457153282774e-04
21 363 -3.350123126392647e-04
363 21 -3.350123126392647e-04
21 366 -2.319316010579525e-04
366 21 -2.319316010579525e-04
21 369 -2.319316010579531e-04
369 21 -2.319316010579531e-04
21 372 -3.350123126392646e-04
372 21 -3.350123126392646e-04
21 375 -3.350123126392635e-04
375 21 -3.350123126392635e-04
21 378 -4.123228463252482e-04
378 21 -4.123228463252482e-04
21 381 -2.319316010579524e-04
381 21 -2.319316010579524e-04
21 384 -3.350123126392637e-04
384 21 -3.350123126392637e-04
22 22  7.215649985136280e-04
22 25  2.577017789532804e-04
25 22  2.577017789532804e-04
22 28  2.834719568486082e-04
28 22  2.834719568486082e-04
22 151  2.190465195241777e-04
151 22  2.190465195241777e-04
22 154  2.577017876755028e-04
154 22  2.577017876755028e-04
22 157  5.154035709898960e-04
157 22  5.154035709898960e-04
22 160  5.669439267805515e-04
160 22  5.669439267805515e-04
22 163  2.190465121102887e-04
163 22  2.190465121102887e-04
22 166  2.577017789532803e-04
166 22  2.577017789532803e-04
22 316 -2.319316071635082e-04
316 22 -2.319316071635082e-04
22 325 -3.350123204892645e-04
325 22 -3.350123204892645e-04
22 331 -3.350123204892644e-04
331 22 -3.350123204892644e-04
22 334 -2.319316071635083e-04
334 22 -2.319316071635083e-04
22 337 -2.319316106523975e-04
337 22 -2.319316106523975e-04
22 340 -6.700246453396426e-04
340 22 -6.700246453396426e-04
22 343 -3.350123257225979e-04
343 22 -3.350123257225979e-04
22 346 -4.123228602808040e-04
346 22 -4.123228602808040e-04
22 349 -8.246457153282772e-04
349 22 -8.246457153282772e-04
22 352 -3.350123257225980e-04
352 22 -3.350123257225980e-04
22 355 -8.246457153282769e-04
355 22 -8.246457153282769e-04
22 358 -6.700246453396430e-04
358 22 -6.700246453396430e-04
22 361 -2.319316010579532e-04
361 22 -2.319316010579532e-04
22 364 -2.319316010579525e-04
364 22 -2.319316010579525e-04
22 367 -3.350123126392644e-04
367 22 -3.350123126392644e-04
22 370 -4.123228463252480e-04
370 22 -4.123228463252480e-04
22 373 -3.350123126392634e-04
373 22 -3.350123126392634e-04
22 376 -3.350123126392647e-04
376 22 -3.350123126392647e-04
22 379 -3.350123126392635e-04
379 22 -3.350123126392635e-04
22 382 -2.319316010579525e-04
382 22 -2.319316010579525e-04
23 23  7.215649985136280e-04
23 26  2.577017789532804e-04
26 23  2.577017789532804e-04
23 29  2.834719568486082e-04
29 23  2.834719568486082e-04
23 152  2.190465195241777e-04
152 23  2.190465195241777e-04
23 155  2.577017876755028e-04
155 23  2.577017876755028e-04
23 158  5.154035709898960e-04
158 23  5.154035709898960e-04
23 161  5.669439267805515e-04
161 23  5.669439267805515e-04
23 164  2.190465121102887e-04
164 23  2.190465121102887e-04
23 167  2.577017789532803e-04
167 23  2.577017789532803e-04
23 317 -2.319316071635082e-04
317 23 -2.319316071635082e-04
23 326 -3.350123204892645e-04
326 23 -3.350123204892645e-04
23 332 -3.350123204892644e-04
332 23 -3.350123204892644e-04
23 335 -2.319316071635083e-04
335 23 -2.319316071635083e-04
23 338 -2.319316106523975e-04
338 23 -2.319316106523975e-04
23 341 -6.700246453396426e-04
341 23 -6.700246453396426e-04
23 344 -3.350123257225979e-04
344 23 -3.350123257225979e-04
23 347 -4.123228602808040e-04
347 23 -4.123228602808040e-04
23 350 -8.246457153282772e-04
350 23 -8.246457153282772e-04
23 353 -3.350123257225980e-04
353 23 -3.350123257225980e-04
23 356 -8.246457153282769e-04
356 23 -8.246457153282769e-04
23 359 -6.700246453396430e-04
359 23 -6.700246453396430e-04
23 362 -2.319316010579532e-04
362 23 -2.319316010579532e-04
23 365 -2.319316010579525e-04
365 23 -2.319316010579525e-04
23 368 -3.350123126392644e-04
368 23 -3.350123126392644e-04
23 371 -4.123228463252480e-04
371 23 -4.123228463252480e-04
23 374 -3.350123126392634e-04
374 23 -3.350123126392634e-04
23 377 -3.350123126392647e-04
377 23 -3.350123126392647e-04
23 380 -3.350123126392635e-04
380 23 -3.350123126392635e-04
23 383 -2.319316010579525e-04
383 23 -2.319316010579525e-04
24 24  7.215649985136280e-04
24 27  2.577017789532804e-04
27 24  2.577017789532804e-04
24 30  2.834719568486082e-04
30 24  2.834719568486082e-04
24 153  2.190465195241777e-04
153 24  2.190465195241777e-04
24 156  2.577017876755028e-04
156 24  2.577017876755028e-04
24 159  5.154035709898960e-04
159 24  5.154035709898960e-04
24 162  5.669439267805515e-04
162 24  5.669439267805515e-04
24 165  2.190465121102887e-04
165 24  2.190465121102887e-04
24 168  2.577017789532803e-04
168 24  2.577017789532803e-04
24 318 -2.319316071635082e-04
318 24 -2.319316071635082e-04
24 327 -3.350123204892645e-04
327 24 -3.350123204892645e-04
24 333 -3.350123204892644e-04
333 24 -3.350123204892644e-04
24 336 -2.319316071635083e-04
336 24 -2.319316071635083e-04
24 339 -2.319316106523975e-04
339 24 -2.319316106523975e-04
24 342 -6.700246453396426e-04
342 24 -6.700246453396426e-04
24 345 -3.350123257225979e-04
345 24 -3.350123257225979e-04
24 348 -4.123228602808040e-04
348 24 -4.123228602808040e-04
24 351 -8.246457153282772e-04
351 24 -8.246457153282772e-04
24 354 -3.350123257225980e-04
354 24 -3.350123257225980e-04
24 357 -8.246457153282769e-04
357 24 -8.246457153282769e-04
24 360 -6.700246453396430e-04
360 24 -6.700246453396430e-04
24 363 -2.319316010579532e-04
363 24 -2.319316010579532e-04
24 366 -2.319316010579525e-04
366 24 -2.319316010579525e-04
24 369 -3.350123126392644e-04
369 24 -3.350123126392644e-04
24 372 -4.123228463252480e-04
372 24 -4.123228463252480e-04
24 375 -3.350123126392634e-04
375 24 -3.350123126392634e-04
24 378 -3.350123126392647e-04
378 24 -3.350123126392647e-04
24 381 -3.350123126392635e-04
381 24 -3.350123126392635e-04
24 384 -2.319316010579525e-04
384 24 -2.319316010579525e-04
25 25  7.215653997358615e-04
25 28  5.669442800305612e-04
28 25  5.669442800305612e-04
25 31  2.834725325152930e-04
31 25  2.834725325152930e-04
25 34  2.577023022866302e-04
34 25  2.577023022866302e-04
25 157  2.577017789532805e-04
157 25  2.577017789532805e-04
25 160  2.190465121102888e-04
160 25  2.190465121102888e-04
25 163  5.669442800305610e-04
163 25  5.669442800305610e-04
25 166  5.154038195732353e-04
166 25  5.154038195732353e-04
25 169  2.577023022866303e-04
169 25  2.577023022866303e-04
25 172  2.190469569436361e-04
172 25  2.190469569436361e-04
25 340 -2.319316010579533e-04
340 25 -2.319316010579533e-04
25 349 -3.350123126392650e-04
349 25 -3.350123126392650e-04
25 355 -2.319316010579532e-04
355 25 -2.319316010579532e-04
25 358 -3.350123126392652e-04
358 25 -3.350123126392652e-04
25 361 -3.350123126392640e-04
361 25 -3.350123126392640e-04
25 364 -6.700247822785327e-04
364 25 -6.700247822785327e-04
25 367 -2.319316010579525e-04
367 25 -2.319316010579525e-04
25 370 -3.350123126392639e-04
370 25 -3.350123126392639e-04
25 373 -8.246460066505049e-04
373 25 -8.246460066505049e-04
